;Fecha;Contagios acum;Activos;Muertes;Recuperados;Contagios por dia;Ciudad
0;16/03/2020;2;2;0;0;2;Barranquilla
1;19/03/2020;5;5;0;0;3;Barranquilla
2;21/03/2020;7;7;0;0;2;Barranquilla
3;24/03/2020;9;7;0;2;2;Barranquilla
4;25/03/2020;12;9;0;3;3;Barranquilla
5;27/03/2020;13;9;0;4;1;Barranquilla
6;28/03/2020;16;11;0;5;3;Barranquilla
7;29/03/2020;20;14;0;6;4;Barranquilla
8;30/03/2020;21;11;0;10;1;Barranquilla
9;31/03/2020;29;18;0;11;8;Barranquilla
10;1/04/2020;31;20;0;11;2;Barranquilla
11;3/04/2020;40;26;1;13;9;Barranquilla
12;5/04/2020;42;28;1;13;2;Barranquilla
13;6/04/2020;43;28;1;14;1;Barranquilla
14;7/04/2020;46;31;1;14;3;Barranquilla
15;8/04/2020;49;30;1;18;3;Barranquilla
16;9/04/2020;55;35;2;18;6;Barranquilla
17;10/04/2020;60;40;2;18;5;Barranquilla
18;11/04/2020;64;44;2;18;4;Barranquilla
19;12/04/2020;66;45;2;19;2;Barranquilla
20;13/04/2020;67;46;2;19;1;Barranquilla
21;14/04/2020;69;48;2;19;2;Barranquilla
22;16/04/2020;70;47;2;21;1;Barranquilla
23;17/04/2020;72;48;2;22;2;Barranquilla
24;18/04/2020;75;51;2;22;3;Barranquilla
25;19/04/2020;77;49;2;26;2;Barranquilla
26;20/04/2020;78;48;3;27;1;Barranquilla
27;21/04/2020;82;52;3;27;4;Barranquilla
28;22/04/2020;85;52;4;29;3;Barranquilla
29;23/04/2020;87;54;4;29;2;Barranquilla
30;24/04/2020;92;55;4;33;5;Barranquilla
31;25/04/2020;99;59;7;33;7;Barranquilla
32;26/04/2020;111;68;7;36;12;Barranquilla
33;27/04/2020;129;85;7;37;18;Barranquilla
34;28/04/2020;138;93;7;38;9;Barranquilla
35;29/04/2020;140;95;7;38;2;Barranquilla
36;30/04/2020;159;111;10;38;19;Barranquilla
37;1/05/2020;164;113;13;38;5;Barranquilla
38;2/05/2020;196;141;15;40;32;Barranquilla
39;3/05/2020;242;184;17;41;46;Barranquilla
40;4/05/2020;253;192;18;43;11;Barranquilla
41;5/05/2020;298;228;21;49;45;Barranquilla
42;6/05/2020;305;221;22;62;7;Barranquilla
43;7/05/2020;322;234;23;65;17;Barranquilla
44;8/05/2020;380;285;26;69;58;Barranquilla
45;9/05/2020;391;294;26;71;11;Barranquilla
46;10/05/2020;426;324;28;74;35;Barranquilla
47;11/05/2020;450;341;30;79;24;Barranquilla
48;12/05/2020;487;375;32;80;37;Barranquilla
49;13/05/2020;591;474;32;85;104;Barranquilla
50;14/05/2020;653;527;34;92;62;Barranquilla
51;15/05/2020;714;571;35;108;61;Barranquilla
52;16/05/2020;745;599;36;110;31;Barranquilla
53;17/05/2020;828;678;37;113;83;Barranquilla
54;18/05/2020;850;687;38;125;22;Barranquilla
55;19/05/2020;886;711;43;132;36;Barranquilla
56;20/05/2020;952;762;45;145;66;Barranquilla
57;21/05/2020;1035;817;47;171;83;Barranquilla
58;22/05/2020;1093;856;53;184;58;Barranquilla
59;23/05/2020;1236;982;57;197;143;Barranquilla
60;24/05/2020;1340;1064;62;214;104;Barranquilla
61;25/05/2020;1374;1077;65;232;34;Barranquilla
62;26/05/2020;1465;1130;77;258;91;Barranquilla
63;27/05/2020;1509;1144;82;283;44;Barranquilla
64;28/05/2020;1590;1181;91;318;81;Barranquilla
65;29/05/2020;1671;1238;97;336;81;Barranquilla
66;30/05/2020;1861;1398;110;353;190;Barranquilla
67;31/05/2020;1984;1433;118;433;123;Barranquilla
68;1/06/2020;2079;1450;133;496;95;Barranquilla
69;2/06/2020;2261;1539;150;572;182;Barranquilla
70;3/06/2020;2399;1579;179;641;138;Barranquilla
71;4/06/2020;2719;1823;195;701;320;Barranquilla
72;5/06/2020;2921;1904;215;802;202;Barranquilla
73;6/06/2020;3105;2019;234;852;184;Barranquilla
74;7/06/2020;3282;2058;258;966;177;Barranquilla
75;8/06/2020;3418;2049;278;1091;136;Barranquilla
76;9/06/2020;3664;2225;307;1132;246;Barranquilla
77;10/06/2020;3883;2358;330;1195;219;Barranquilla
78;11/06/2020;4087;2482;359;1246;204;Barranquilla
79;12/06/2020;4478;2760;387;1331;391;Barranquilla
80;13/06/2020;4764;2969;413;1382;286;Barranquilla
81;14/06/2020;5092;3224;446;1422;328;Barranquilla
82;15/06/2020;5888;3956;475;1457;796;Barranquilla
83;16/06/2020;6161;4152;516;1493;273;Barranquilla
84;17/06/2020;6601;4501;549;1551;440;Barranquilla
85;18/06/2020;7161;4900;590;1671;560;Barranquilla
86;19/06/2020;7565;5145;623;1797;404;Barranquilla
87;20/06/2020;8083;5495;656;1932;518;Barranquilla
88;21/06/2020;8501;5693;688;2120;418;Barranquilla
89;22/06/2020;8833;5847;726;2260;332;Barranquilla
90;23/06/2020;9175;5932;767;2476;342;Barranquilla
91;24/06/2020;9699;6232;801;2666;524;Barranquilla
92;25/06/2020;9961;6173;838;2950;262;Barranquilla
93;26/06/2020;10850;6675;872;3303;889;Barranquilla
94;27/06/2020;11412;6968;900;3544;562;Barranquilla
95;28/06/2020;11930;7253;927;3750;518;Barranquilla
96;29/06/2020;12283;7284;956;4043;353;Barranquilla
97;30/06/2020;12676;7319;981;4376;393;Barranquilla
98;1/07/2020;13050;7383;1009;4658;374;Barranquilla
99;2/07/2020;13665;7748;1053;4864;615;Barranquilla
100;3/07/2020;14017;7864;1087;5066;352;Barranquilla
101;4/07/2020;14381;8017;1112;5252;364;Barranquilla
102;5/07/2020;14910;8343;1139;5428;529;Barranquilla
103;6/07/2020;15282;8311;1175;5796;372;Barranquilla
104;7/07/2020;15801;8409;1201;6191;519;Barranquilla
105;8/07/2020;16181;8406;1225;6550;380;Barranquilla
106;9/07/2020;16859;8555;1252;7052;678;Barranquilla
107;10/07/2020;17618;8706;1277;7635;759;Barranquilla
108;11/07/2020;18005;8660;1297;8048;387;Barranquilla
109;12/07/2020;18654;8902;1313;8439;649;Barranquilla
110;13/07/2020;19060;8805;1336;8919;406;Barranquilla
111;14/07/2020;19647;8844;1358;9445;587;Barranquilla
112;15/07/2020;20064;8582;1379;10103;417;Barranquilla
113;16/07/2020;21034;8933;1396;10705;970;Barranquilla
114;17/07/2020;23071;10160;1413;11498;2037;Barranquilla
115;18/07/2020;24568;10554;1439;12575;1497;Barranquilla
116;19/07/2020;24925;9683;1456;13786;357;Barranquilla
117;20/07/2020;25441;9588;1466;14387;516;Barranquilla
118;21/07/2020;25903;9710;1478;14715;462;Barranquilla
119;22/07/2020;26134;9510;1491;15133;231;Barranquilla
120;23/07/2020;26432;8882;1507;16043;298;Barranquilla
121;24/07/2020;26635;8762;1515;16358;203;Barranquilla
122;25/07/2020;26934;7827;1527;17580;299;Barranquilla
123;26/07/2020;27365;7697;1536;18132;431;Barranquilla
124;27/07/2020;27739;7004;1548;19187;374;Barranquilla
125;28/07/2020;28484;7153;1558;19773;745;Barranquilla
126;29/07/2020;28781;6791;1568;20422;297;Barranquilla
127;30/07/2020;29264;6342;1580;21342;483;Barranquilla
128;31/07/2020;29491;6119;1585;21787;227;Barranquilla
129;1/08/2020;29913;5975;1594;22344;422;Barranquilla
130;2/08/2020;30304;5914;1599;22791;391;Barranquilla
131;3/08/2020;30728;5815;1602;23311;424;Barranquilla
132;4/08/2020;31224;5689;1610;23925;496;Barranquilla
133;5/08/2020;31478;5675;1615;24188;254;Barranquilla
134;6/08/2020;31654;5421;1621;24612;176;Barranquilla
135;7/08/2020;32041;5391;1628;25022;387;Barranquilla
136;8/08/2020;32393;5343;1635;25415;352;Barranquilla
137;9/08/2020;32750;5220;1640;25890;357;Barranquilla
138;10/08/2020;33072;5099;1642;26331;322;Barranquilla
139;11/08/2020;33348;5044;1648;26656;276;Barranquilla
140;12/08/2020;33474;4933;1651;26890;126;Barranquilla
141;13/08/2020;33676;4800;1655;27221;202;Barranquilla
142;14/08/2020;33828;4219;1660;27949;152;Barranquilla
143;15/08/2020;34039;3991;1661;28387;211;Barranquilla
144;16/08/2020;34208;3832;1664;28712;169;Barranquilla
145;17/08/2020;34303;3511;1668;29124;95;Barranquilla
146;18/08/2020;34512;3472;1669;29371;209;Barranquilla
147;19/08/2020;34859;3560;1671;29628;347;Barranquilla
148;20/08/2020;35022;3106;1678;30238;163;Barranquilla
149;21/08/2020;35122;2937;1680;30505;100;Barranquilla
150;22/08/2020;35162;2790;1680;30692;40;Barranquilla
151;23/08/2020;35326;2741;1682;30903;164;Barranquilla
152;24/08/2020;35479;2633;1686;31160;153;Barranquilla
153;25/08/2020;35605;2469;1688;31448;126;Barranquilla
154;26/08/2020;35691;2352;1689;31650;86;Barranquilla
155;27/08/2020;35817;2229;1692;31896;126;Barranquilla
156;28/08/2020;35888;1916;1697;32275;71;Barranquilla
157;29/08/2020;35952;1813;1701;32438;64;Barranquilla
158;30/08/2020;36036;1621;1705;32710;84;Barranquilla
159;31/08/2020;36098;1581;1706;32811;62;Barranquilla
160;1/09/2020;36186;1528;1713;32945;88;Barranquilla
161;2/09/2020;36243;1449;1717;33077;57;Barranquilla
162;3/09/2020;36443;1460;1717;33266;200;Barranquilla
163;4/09/2020;36520;1404;1717;33399;77;Barranquilla
164;6/03/2020;1;1;0;0;1;Bogotá D.C.
165;11/03/2020;3;3;0;0;2;Bogotá D.C.
166;12/03/2020;5;5;0;0;2;Bogotá D.C.
167;13/03/2020;6;5;0;1;1;Bogotá D.C.
168;14/03/2020;16;14;0;2;10;Bogotá D.C.
169;15/03/2020;26;24;0;2;10;Bogotá D.C.
170;16/03/2020;32;30;0;2;6;Bogotá D.C.
171;17/03/2020;39;37;0;2;7;Bogotá D.C.
172;18/03/2020;44;42;0;2;5;Bogotá D.C.
173;19/03/2020;52;50;0;2;8;Bogotá D.C.
174;20/03/2020;79;76;0;3;27;Bogotá D.C.
175;21/03/2020;84;79;0;5;5;Bogotá D.C.
176;22/03/2020;88;81;0;7;4;Bogotá D.C.
177;23/03/2020;117;106;0;11;29;Bogotá D.C.
178;24/03/2020;158;144;0;14;41;Bogotá D.C.
179;25/03/2020;172;157;1;14;14;Bogotá D.C.
180;26/03/2020;179;155;3;21;7;Bogotá D.C.
181;27/03/2020;217;183;3;31;38;Bogotá D.C.
182;28/03/2020;255;210;6;39;38;Bogotá D.C.
183;29/03/2020;288;233;7;48;33;Bogotá D.C.
184;30/03/2020;343;277;8;58;55;Bogotá D.C.
185;31/03/2020;383;310;10;63;40;Bogotá D.C.
186;1/04/2020;464;375;11;78;81;Bogotá D.C.
187;2/04/2020;532;424;15;93;68;Bogotá D.C.
188;3/04/2020;576;447;20;109;44;Bogotá D.C.
189;4/04/2020;680;535;30;115;104;Bogotá D.C.
190;5/04/2020;710;556;34;120;30;Bogotá D.C.
191;6/04/2020;761;593;40;128;51;Bogotá D.C.
192;7/04/2020;845;667;45;133;84;Bogotá D.C.
193;8/04/2020;975;790;47;138;130;Bogotá D.C.
194;9/04/2020;1011;813;51;147;36;Bogotá D.C.
195;10/04/2020;1099;887;54;158;88;Bogotá D.C.
196;11/04/2020;1143;910;59;174;44;Bogotá D.C.
197;12/04/2020;1162;869;60;233;19;Bogotá D.C.
198;13/04/2020;1186;842;64;280;24;Bogotá D.C.
199;14/04/2020;1222;835;70;317;36;Bogotá D.C.
200;15/04/2020;1270;810;73;387;48;Bogotá D.C.
201;16/04/2020;1313;813;77;423;43;Bogotá D.C.
202;17/04/2020;1372;859;78;435;59;Bogotá D.C.
203;18/04/2020;1458;925;80;453;86;Bogotá D.C.
204;19/04/2020;1577;1023;84;470;119;Bogotá D.C.
205;20/04/2020;1656;1060;88;508;79;Bogotá D.C.
206;21/04/2020;1730;1105;94;531;74;Bogotá D.C.
207;22/04/2020;1814;1138;95;581;84;Bogotá D.C.
208;23/04/2020;1861;1137;97;627;47;Bogotá D.C.
209;24/04/2020;2040;1279;101;660;179;Bogotá D.C.
210;25/04/2020;2129;1322;102;705;89;Bogotá D.C.
211;26/04/2020;2221;1373;108;740;92;Bogotá D.C.
212;27/04/2020;2326;1425;111;790;105;Bogotá D.C.
213;28/04/2020;2390;1443;117;830;64;Bogotá D.C.
214;29/04/2020;2523;1511;123;889;133;Bogotá D.C.
215;30/04/2020;2612;1559;131;922;89;Bogotá D.C.
216;1/05/2020;2759;1630;134;995;147;Bogotá D.C.
217;2/05/2020;2830;1626;137;1067;71;Bogotá D.C.
218;3/05/2020;2942;1681;140;1121;112;Bogotá D.C.
219;4/05/2020;3069;1716;145;1208;127;Bogotá D.C.
220;5/05/2020;3262;1770;147;1345;193;Bogotá D.C.
221;6/05/2020;3462;1863;154;1445;200;Bogotá D.C.
222;7/05/2020;3592;1900;157;1535;130;Bogotá D.C.
223;8/05/2020;3818;2070;161;1587;226;Bogotá D.C.
224;9/05/2020;4028;2185;167;1676;210;Bogotá D.C.
225;10/05/2020;4156;2208;174;1774;128;Bogotá D.C.
226;11/05/2020;4306;2258;181;1867;150;Bogotá D.C.
227;12/05/2020;4564;2463;181;1920;258;Bogotá D.C.
228;13/05/2020;4686;2483;184;2019;122;Bogotá D.C.
229;14/05/2020;4895;2641;186;2068;209;Bogotá D.C.
230;15/05/2020;5010;2669;193;2148;115;Bogotá D.C.
231;16/05/2020;5287;2866;197;2224;277;Bogotá D.C.
232;17/05/2020;5528;3042;200;2286;241;Bogotá D.C.
233;18/05/2020;5725;3159;206;2360;197;Bogotá D.C.
234;19/05/2020;5941;3313;211;2417;216;Bogotá D.C.
235;20/05/2020;6194;3473;217;2504;253;Bogotá D.C.
236;21/05/2020;6316;3485;227;2604;122;Bogotá D.C.
237;22/05/2020;6596;3679;236;2681;280;Bogotá D.C.
238;23/05/2020;6979;3991;245;2743;383;Bogotá D.C.
239;24/05/2020;7217;4088;250;2879;238;Bogotá D.C.
240;25/05/2020;7394;4161;254;2979;177;Bogotá D.C.
241;26/05/2020;7751;4393;262;3096;357;Bogotá D.C.
242;27/05/2020;8056;4562;268;3226;305;Bogotá D.C.
243;28/05/2020;8546;4958;272;3316;490;Bogotá D.C.
244;29/05/2020;9173;5484;283;3406;627;Bogotá D.C.
245;30/05/2020;9651;5878;290;3483;478;Bogotá D.C.
246;31/05/2020;10002;5756;301;3945;351;Bogotá D.C.
247;1/06/2020;10386;6024;309;4053;384;Bogotá D.C.
248;2/06/2020;10757;6017;315;4425;371;Bogotá D.C.
249;3/06/2020;11262;6170;324;4768;505;Bogotá D.C.
250;4/06/2020;11799;6515;335;4949;537;Bogotá D.C.
251;5/06/2020;12202;6634;349;5219;403;Bogotá D.C.
252;6/06/2020;12579;6846;358;5375;377;Bogotá D.C.
253;7/06/2020;12895;6878;368;5649;316;Bogotá D.C.
254;8/06/2020;13338;7065;381;5892;443;Bogotá D.C.
255;9/06/2020;13718;7233;395;6090;380;Bogotá D.C.
256;10/06/2020;14138;7213;406;6519;420;Bogotá D.C.
257;11/06/2020;14546;7398;420;6728;408;Bogotá D.C.
258;12/06/2020;14950;7549;428;6973;404;Bogotá D.C.
259;13/06/2020;15469;7844;438;7187;519;Bogotá D.C.
260;14/06/2020;16048;8227;457;7364;579;Bogotá D.C.
261;15/06/2020;16416;8462;475;7479;368;Bogotá D.C.
262;16/06/2020;16851;8711;489;7651;435;Bogotá D.C.
263;17/06/2020;17403;8956;513;7934;552;Bogotá D.C.
264;18/06/2020;18189;9393;522;8274;786;Bogotá D.C.
265;19/06/2020;19230;10014;539;8677;1041;Bogotá D.C.
266;20/06/2020;19757;10027;551;9179;527;Bogotá D.C.
267;21/06/2020;20699;10548;573;9578;942;Bogotá D.C.
268;22/06/2020;21532;10935;593;10004;833;Bogotá D.C.
269;23/06/2020;22400;11427;618;10355;868;Bogotá D.C.
270;24/06/2020;23360;12020;642;10698;960;Bogotá D.C.
271;25/06/2020;24633;12719;663;11251;1273;Bogotá D.C.
272;26/06/2020;25534;13208;688;11638;901;Bogotá D.C.
273;27/06/2020;27109;14355;719;12035;1575;Bogotá D.C.
274;28/06/2020;27921;14665;752;12504;812;Bogotá D.C.
275;29/06/2020;29314;15625;777;12912;1393;Bogotá D.C.
276;30/06/2020;30031;15745;809;13477;717;Bogotá D.C.
277;1/07/2020;31430;16714;838;13878;1399;Bogotá D.C.
278;2/07/2020;32737;17710;876;14151;1307;Bogotá D.C.
279;3/07/2020;34139;18720;922;14497;1402;Bogotá D.C.
280;4/07/2020;35275;19405;956;14914;1136;Bogotá D.C.
281;5/07/2020;36562;20279;995;15288;1287;Bogotá D.C.
282;6/07/2020;37648;20514;1038;16096;1086;Bogotá D.C.
283;7/07/2020;39255;21647;1088;16520;1607;Bogotá D.C.
284;8/07/2020;40740;22619;1134;16987;1485;Bogotá D.C.
285;9/07/2020;42348;23572;1203;17573;1608;Bogotá D.C.
286;10/07/2020;45055;25613;1266;18176;2707;Bogotá D.C.
287;11/07/2020;47540;27469;1339;18732;2485;Bogotá D.C.
288;12/07/2020;49658;29020;1399;19239;2118;Bogotá D.C.
289;13/07/2020;51292;29922;1473;19897;1634;Bogotá D.C.
290;14/07/2020;53141;31078;1545;20518;1849;Bogotá D.C.
291;15/07/2020;55065;32188;1632;21245;1924;Bogotá D.C.
292;16/07/2020;56838;32820;1709;22309;1773;Bogotá D.C.
293;17/07/2020;58954;33779;1809;23366;2116;Bogotá D.C.
294;18/07/2020;60444;34057;1892;24495;1490;Bogotá D.C.
295;19/07/2020;63313;36069;1958;25286;2869;Bogotá D.C.
296;20/07/2020;65646;37464;2053;26129;2333;Bogotá D.C.
297;21/07/2020;67909;38980;2167;26762;2263;Bogotá D.C.
298;22/07/2020;70898;41103;2263;27532;2989;Bogotá D.C.
299;23/07/2020;74650;43213;2375;29062;3752;Bogotá D.C.
300;24/07/2020;77940;44013;2483;31444;3290;Bogotá D.C.
301;25/07/2020;81235;45661;2587;32987;3295;Bogotá D.C.
302;26/07/2020;84267;46971;2698;34598;3032;Bogotá D.C.
303;27/07/2020;86908;46782;2801;37325;2641;Bogotá D.C.
304;28/07/2020;91461;48487;2898;40076;4553;Bogotá D.C.
305;29/07/2020;95244;50087;3010;42147;3783;Bogotá D.C.
306;30/07/2020;98259;51015;3136;44108;3015;Bogotá D.C.
307;31/07/2020;101979;52319;3263;46397;3720;Bogotá D.C.
308;1/08/2020;104680;52117;3351;49212;2701;Bogotá D.C.
309;2/08/2020;109267;54027;3459;51781;4587;Bogotá D.C.
310;3/08/2020;111571;53883;3578;54110;2304;Bogotá D.C.
311;4/08/2020;113834;54368;3684;55782;2263;Bogotá D.C.
312;5/08/2020;118086;57028;3797;57261;4252;Bogotá D.C.
313;6/08/2020;124154;61881;3896;58377;6068;Bogotá D.C.
314;7/08/2020;126785;62768;4008;60009;2631;Bogotá D.C.
315;8/08/2020;130274;64622;4127;61525;3489;Bogotá D.C.
316;9/08/2020;133671;66391;4227;63053;3397;Bogotá D.C.
317;10/08/2020;137057;67312;4314;65431;3386;Bogotá D.C.
318;11/08/2020;142019;67428;4417;70174;4962;Bogotá D.C.
319;12/08/2020;146141;66199;4501;75441;4122;Bogotá D.C.
320;13/08/2020;149982;64738;4588;80656;3841;Bogotá D.C.
321;14/08/2020;154488;66060;4664;83764;4506;Bogotá D.C.
322;15/08/2020;158711;66820;4739;87152;4223;Bogotá D.C.
323;16/08/2020;163338;66826;4821;91691;4627;Bogotá D.C.
324;17/08/2020;166717;65235;4896;96586;3379;Bogotá D.C.
325;18/08/2020;171369;65247;4996;101126;4652;Bogotá D.C.
326;19/08/2020;176384;65387;5085;105912;5015;Bogotá D.C.
327;20/08/2020;179598;65604;5164;108830;3214;Bogotá D.C.
328;21/08/2020;181833;65189;5244;111400;2235;Bogotá D.C.
329;22/08/2020;186100;66086;5324;114690;4267;Bogotá D.C.
330;23/08/2020;188274;61437;5385;121452;2174;Bogotá D.C.
331;24/08/2020;192700;62234;5456;125010;4426;Bogotá D.C.
332;25/08/2020;195186;61124;5547;128515;2486;Bogotá D.C.
333;26/08/2020;199363;61373;5617;132373;4177;Bogotá D.C.
334;27/08/2020;201879;60332;5701;135846;2516;Bogotá D.C.
335;28/08/2020;204061;57033;5756;141272;2182;Bogotá D.C.
336;29/08/2020;207399;56087;5829;145483;3338;Bogotá D.C.
337;30/08/2020;209245;54687;5885;148673;1846;Bogotá D.C.
338;31/08/2020;211294;54158;5944;151192;2049;Bogotá D.C.
339;1/09/2020;213625;52012;5990;155623;2331;Bogotá D.C.
340;2/09/2020;216648;51540;6044;159064;3023;Bogotá D.C.
341;3/09/2020;219579;52527;6082;160970;2931;Bogotá D.C.
342;4/09/2020;221738;53877;6092;161769;2159;Bogotá D.C.
343;13/03/2020;1;1;0;0;1;Cali
344;16/03/2020;3;3;0;0;2;Cali
345;17/03/2020;8;8;0;0;5;Cali
346;20/03/2020;9;9;0;0;1;Cali
347;21/03/2020;15;15;0;0;6;Cali
348;22/03/2020;19;19;0;0;4;Cali
349;23/03/2020;22;21;0;1;3;Cali
350;24/03/2020;45;44;0;1;23;Cali
351;25/03/2020;46;43;2;1;1;Cali
352;26/03/2020;48;43;2;3;2;Cali
353;28/03/2020;56;47;2;7;8;Cali
354;29/03/2020;63;54;2;7;7;Cali
355;30/03/2020;70;59;3;8;7;Cali
356;31/03/2020;78;63;4;11;8;Cali
357;1/04/2020;101;85;4;12;23;Cali
358;2/04/2020;103;85;4;14;2;Cali
359;3/04/2020;116;96;5;15;13;Cali
360;4/04/2020;130;107;7;16;14;Cali
361;5/04/2020;144;120;7;17;14;Cali
362;6/04/2020;153;125;9;19;9;Cali
363;7/04/2020;166;137;9;20;13;Cali
364;8/04/2020;237;208;9;20;71;Cali
365;9/04/2020;268;230;10;28;31;Cali
366;10/04/2020;331;291;10;30;63;Cali
367;11/04/2020;376;335;10;31;45;Cali
368;12/04/2020;382;332;14;36;6;Cali
369;13/04/2020;387;329;15;43;5;Cali
370;14/04/2020;399;332;17;50;12;Cali
371;15/04/2020;414;341;20;53;15;Cali
372;16/04/2020;432;348;24;60;18;Cali
373;17/04/2020;462;372;25;65;30;Cali
374;18/04/2020;474;377;28;69;12;Cali
375;19/04/2020;483;372;31;80;9;Cali
376;20/04/2020;521;397;33;91;38;Cali
377;21/04/2020;545;398;34;113;24;Cali
378;22/04/2020;568;412;36;120;23;Cali
379;23/04/2020;601;436;38;127;33;Cali
380;24/04/2020;618;443;38;137;17;Cali
381;25/04/2020;634;442;38;154;16;Cali
382;26/04/2020;653;443;39;171;19;Cali
383;27/04/2020;659;441;41;177;6;Cali
384;28/04/2020;688;449;42;197;29;Cali
385;29/04/2020;708;457;45;206;20;Cali
386;30/04/2020;745;488;46;211;37;Cali
387;1/05/2020;793;522;46;225;48;Cali
388;2/05/2020;834;552;47;235;41;Cali
389;3/05/2020;836;543;47;246;2;Cali
390;4/05/2020;862;555;50;257;26;Cali
391;5/05/2020;890;551;50;289;28;Cali
392;6/05/2020;929;565;52;312;39;Cali
393;7/05/2020;967;593;54;320;38;Cali
394;8/05/2020;1003;602;55;346;36;Cali
395;9/05/2020;1054;624;56;374;51;Cali
396;10/05/2020;1064;611;58;395;10;Cali
397;11/05/2020;1090;613;62;415;26;Cali
398;12/05/2020;1117;614;63;440;27;Cali
399;13/05/2020;1169;629;65;475;52;Cali
400;14/05/2020;1233;671;69;493;64;Cali
401;15/05/2020;1272;700;69;503;39;Cali
402;16/05/2020;1333;728;69;536;61;Cali
403;17/05/2020;1403;780;71;552;70;Cali
404;18/05/2020;1428;787;74;567;25;Cali
405;19/05/2020;1508;854;76;578;80;Cali
406;20/05/2020;1574;898;82;594;66;Cali
407;21/05/2020;1631;936;83;612;57;Cali
408;22/05/2020;1736;1018;86;632;105;Cali
409;23/05/2020;1816;1071;88;657;80;Cali
410;24/05/2020;1905;1131;94;680;89;Cali
411;25/05/2020;1949;1139;98;712;44;Cali
412;26/05/2020;2084;1237;102;745;135;Cali
413;27/05/2020;2196;1323;106;767;112;Cali
414;28/05/2020;2306;1397;111;798;110;Cali
415;29/05/2020;2402;1458;117;827;96;Cali
416;30/05/2020;2546;1574;122;850;144;Cali
417;31/05/2020;2611;1509;126;976;65;Cali
418;1/06/2020;2691;1563;129;999;80;Cali
419;2/06/2020;2770;1562;133;1075;79;Cali
420;3/06/2020;2900;1650;136;1114;130;Cali
421;4/06/2020;2982;1679;138;1165;82;Cali
422;5/06/2020;3098;1743;141;1214;116;Cali
423;6/06/2020;3221;1811;147;1263;123;Cali
424;7/06/2020;3268;1766;151;1351;47;Cali
425;8/06/2020;3434;1829;159;1446;166;Cali
426;9/06/2020;3550;1895;162;1493;116;Cali
427;10/06/2020;3661;1925;163;1573;111;Cali
428;11/06/2020;3882;2101;165;1616;221;Cali
429;12/06/2020;3992;2132;170;1690;110;Cali
430;13/06/2020;4136;2222;173;1741;144;Cali
431;14/06/2020;4297;2332;181;1784;161;Cali
432;15/06/2020;4475;2490;183;1802;178;Cali
433;16/06/2020;4603;2574;190;1839;128;Cali
434;17/06/2020;4771;2649;196;1926;168;Cali
435;18/06/2020;4993;2794;200;1999;222;Cali
436;19/06/2020;5158;2819;205;2134;165;Cali
437;20/06/2020;5318;2853;216;2249;160;Cali
438;21/06/2020;5521;2942;224;2355;203;Cali
439;22/06/2020;5629;2959;228;2442;108;Cali
440;23/06/2020;5819;3045;235;2539;190;Cali
441;24/06/2020;6135;3250;243;2642;316;Cali
442;25/06/2020;6418;3393;249;2776;283;Cali
443;26/06/2020;6627;3458;257;2912;209;Cali
444;27/06/2020;6894;3610;263;3021;267;Cali
445;28/06/2020;7023;3512;265;3246;129;Cali
446;29/06/2020;7115;3497;274;3344;92;Cali
447;30/06/2020;7373;3557;282;3534;258;Cali
448;1/07/2020;7796;3865;293;3638;423;Cali
449;2/07/2020;8096;4033;299;3764;300;Cali
450;3/07/2020;8343;4169;312;3862;247;Cali
451;4/07/2020;8722;4449;321;3952;379;Cali
452;5/07/2020;8864;4458;333;4073;142;Cali
453;6/07/2020;9044;4471;343;4230;180;Cali
454;7/07/2020;9308;4585;363;4360;264;Cali
455;8/07/2020;9621;4686;376;4559;313;Cali
456;9/07/2020;10017;4847;384;4786;396;Cali
457;10/07/2020;10471;5113;396;4962;454;Cali
458;11/07/2020;10688;5134;404;5150;217;Cali
459;12/07/2020;10882;5173;419;5290;194;Cali
460;13/07/2020;11115;5218;429;5468;233;Cali
461;14/07/2020;11389;5242;448;5699;274;Cali
462;15/07/2020;11852;5511;465;5876;463;Cali
463;16/07/2020;12150;5543;477;6130;298;Cali
464;17/07/2020;12540;5702;494;6344;390;Cali
465;18/07/2020;13109;6044;513;6552;569;Cali
466;19/07/2020;13281;5924;531;6826;172;Cali
467;20/07/2020;13645;6068;556;7021;364;Cali
468;21/07/2020;13962;6185;582;7195;317;Cali
469;22/07/2020;14586;6651;606;7329;624;Cali
470;23/07/2020;15184;6862;636;7686;598;Cali
471;24/07/2020;15577;6826;658;8093;393;Cali
472;25/07/2020;15965;6850;682;8433;388;Cali
473;26/07/2020;16487;7103;700;8684;522;Cali
474;27/07/2020;16909;7083;727;9099;422;Cali
475;28/07/2020;17446;7206;752;9488;537;Cali
476;29/07/2020;17765;7074;774;9917;319;Cali
477;30/07/2020;18467;7354;797;10316;702;Cali
478;31/07/2020;19041;7476;819;10746;574;Cali
479;1/08/2020;19827;7852;841;11134;786;Cali
480;2/08/2020;20325;8011;863;11451;498;Cali
481;3/08/2020;21101;8469;882;11750;776;Cali
482;4/08/2020;21461;8376;903;12182;360;Cali
483;5/08/2020;22280;8601;922;12757;819;Cali
484;6/08/2020;23179;9050;946;13183;899;Cali
485;7/08/2020;23697;9171;970;13556;518;Cali
486;8/08/2020;24086;9151;998;13937;389;Cali
487;9/08/2020;24764;9290;1018;14456;678;Cali
488;10/08/2020;25026;8979;1041;15006;262;Cali
489;11/08/2020;25711;9342;1065;15304;685;Cali
490;12/08/2020;27363;10628;1081;15654;1652;Cali
491;13/08/2020;28031;10746;1101;16184;668;Cali
492;14/08/2020;28585;10682;1113;16790;554;Cali
493;15/08/2020;29117;9257;1130;18730;532;Cali
494;16/08/2020;29559;8845;1147;19567;442;Cali
495;17/08/2020;29893;8178;1166;20549;334;Cali
496;18/08/2020;30714;8567;1178;20969;821;Cali
497;19/08/2020;31545;8667;1193;21685;831;Cali
498;20/08/2020;32539;9059;1205;22275;994;Cali
499;21/08/2020;33037;9036;1222;22779;498;Cali
500;22/08/2020;33564;8853;1237;23474;527;Cali
501;23/08/2020;33837;8620;1253;23964;273;Cali
502;24/08/2020;34315;8409;1268;24638;478;Cali
503;25/08/2020;34902;8371;1281;25250;587;Cali
504;26/08/2020;35130;7965;1292;25873;228;Cali
505;27/08/2020;35526;7651;1308;26567;396;Cali
506;28/08/2020;35894;7488;1328;27078;368;Cali
507;29/08/2020;36220;7116;1342;27762;326;Cali
508;30/08/2020;36554;6801;1363;28390;334;Cali
509;31/08/2020;36863;6619;1383;28861;309;Cali
510;1/09/2020;37427;6563;1399;29465;564;Cali
511;2/09/2020;37809;6257;1408;30144;382;Cali
512;3/09/2020;38070;6011;1418;30641;261;Cali
513;4/09/2020;38466;6109;1420;30937;396;Cali
514;11/03/2020;1;1;0;0;1;Cartagena de Indias
515;15/03/2020;3;3;0;0;2;Cartagena de Indias
516;16/03/2020;5;4;1;0;2;Cartagena de Indias
517;17/03/2020;6;4;1;1;1;Cartagena de Indias
518;18/03/2020;9;7;1;1;3;Cartagena de Indias
519;19/03/2020;10;8;1;1;1;Cartagena de Indias
520;20/03/2020;11;9;1;1;1;Cartagena de Indias
521;21/03/2020;15;13;1;1;4;Cartagena de Indias
522;23/03/2020;16;14;1;1;1;Cartagena de Indias
523;24/03/2020;21;19;1;1;5;Cartagena de Indias
524;25/03/2020;26;21;1;4;5;Cartagena de Indias
525;28/03/2020;27;21;1;5;1;Cartagena de Indias
526;29/03/2020;34;26;1;7;7;Cartagena de Indias
527;30/03/2020;37;27;3;7;3;Cartagena de Indias
528;31/03/2020;39;28;4;7;2;Cartagena de Indias
529;3/04/2020;42;30;4;8;3;Cartagena de Indias
530;6/04/2020;53;39;5;9;11;Cartagena de Indias
531;7/04/2020;56;41;5;10;3;Cartagena de Indias
532;8/04/2020;65;40;5;20;9;Cartagena de Indias
533;9/04/2020;79;52;6;21;14;Cartagena de Indias
534;10/04/2020;100;69;7;24;21;Cartagena de Indias
535;11/04/2020;108;75;8;25;8;Cartagena de Indias
536;12/04/2020;114;79;9;26;6;Cartagena de Indias
537;13/04/2020;124;82;10;32;10;Cartagena de Indias
538;14/04/2020;134;86;10;38;10;Cartagena de Indias
539;15/04/2020;148;91;10;47;14;Cartagena de Indias
540;16/04/2020;156;89;12;55;8;Cartagena de Indias
541;17/04/2020;161;89;13;59;5;Cartagena de Indias
542;18/04/2020;171;98;14;59;10;Cartagena de Indias
543;19/04/2020;172;96;14;62;1;Cartagena de Indias
544;20/04/2020;181;99;15;67;9;Cartagena de Indias
545;21/04/2020;184;94;15;75;3;Cartagena de Indias
546;23/04/2020;188;94;16;78;4;Cartagena de Indias
547;24/04/2020;199;94;18;87;11;Cartagena de Indias
548;25/04/2020;205;96;19;90;6;Cartagena de Indias
549;26/04/2020;219;108;19;92;14;Cartagena de Indias
550;27/04/2020;222;106;21;95;3;Cartagena de Indias
551;28/04/2020;235;116;22;97;13;Cartagena de Indias
552;29/04/2020;245;116;23;106;10;Cartagena de Indias
553;30/04/2020;270;137;26;107;25;Cartagena de Indias
554;1/05/2020;284;146;28;110;14;Cartagena de Indias
555;2/05/2020;309;166;29;114;25;Cartagena de Indias
556;3/05/2020;326;178;33;115;17;Cartagena de Indias
557;4/05/2020;344;190;36;118;18;Cartagena de Indias
558;5/05/2020;375;212;41;122;31;Cartagena de Indias
559;6/05/2020;399;228;45;126;24;Cartagena de Indias
560;7/05/2020;404;223;50;131;5;Cartagena de Indias
561;8/05/2020;496;302;53;141;92;Cartagena de Indias
562;9/05/2020;541;342;56;143;45;Cartagena de Indias
563;10/05/2020;633;424;60;149;92;Cartagena de Indias
564;11/05/2020;689;461;65;163;56;Cartagena de Indias
565;12/05/2020;773;536;70;167;84;Cartagena de Indias
566;13/05/2020;881;632;72;177;108;Cartagena de Indias
567;14/05/2020;988;730;78;180;107;Cartagena de Indias
568;15/05/2020;1077;802;84;191;89;Cartagena de Indias
569;16/05/2020;1202;915;89;198;125;Cartagena de Indias
570;17/05/2020;1259;950;94;215;57;Cartagena de Indias
571;18/05/2020;1390;1050;101;239;131;Cartagena de Indias
572;19/05/2020;1465;1102;104;259;75;Cartagena de Indias
573;20/05/2020;1551;1143;110;298;86;Cartagena de Indias
574;21/05/2020;1674;1235;115;324;123;Cartagena de Indias
575;22/05/2020;1719;1219;120;380;45;Cartagena de Indias
576;23/05/2020;1885;1347;126;412;166;Cartagena de Indias
577;24/05/2020;2117;1534;135;448;232;Cartagena de Indias
578;25/05/2020;2149;1531;143;475;32;Cartagena de Indias
579;26/05/2020;2223;1570;148;505;74;Cartagena de Indias
580;27/05/2020;2343;1639;153;551;120;Cartagena de Indias
581;28/05/2020;2475;1717;161;597;132;Cartagena de Indias
582;29/05/2020;2651;1811;163;677;176;Cartagena de Indias
583;30/05/2020;2829;1928;167;734;178;Cartagena de Indias
584;31/05/2020;2975;1991;170;814;146;Cartagena de Indias
585;1/06/2020;3049;2019;176;854;74;Cartagena de Indias
586;2/06/2020;3133;1987;179;967;84;Cartagena de Indias
587;3/06/2020;3326;2074;186;1066;193;Cartagena de Indias
588;4/06/2020;3468;2128;190;1150;142;Cartagena de Indias
589;5/06/2020;3602;2175;197;1230;134;Cartagena de Indias
590;6/06/2020;3700;2220;206;1274;98;Cartagena de Indias
591;7/06/2020;3840;2257;209;1374;140;Cartagena de Indias
592;8/06/2020;3926;2253;214;1459;86;Cartagena de Indias
593;9/06/2020;4054;2331;219;1504;128;Cartagena de Indias
594;10/06/2020;4171;2371;222;1578;117;Cartagena de Indias
595;11/06/2020;4303;2451;225;1627;132;Cartagena de Indias
596;12/06/2020;4423;2510;232;1681;120;Cartagena de Indias
597;13/06/2020;4564;2593;240;1731;141;Cartagena de Indias
598;14/06/2020;4777;2761;247;1769;213;Cartagena de Indias
599;15/06/2020;4859;2821;254;1784;82;Cartagena de Indias
600;16/06/2020;4998;2909;257;1832;139;Cartagena de Indias
601;17/06/2020;5115;2875;264;1976;117;Cartagena de Indias
602;18/06/2020;5349;2937;281;2131;234;Cartagena de Indias
603;19/06/2020;5710;3157;286;2267;361;Cartagena de Indias
604;20/06/2020;5927;3193;289;2445;217;Cartagena de Indias
605;21/06/2020;6167;3181;305;2681;240;Cartagena de Indias
606;22/06/2020;6436;3319;310;2807;269;Cartagena de Indias
607;23/06/2020;6595;3273;318;3004;159;Cartagena de Indias
608;24/06/2020;6778;3313;326;3139;183;Cartagena de Indias
609;25/06/2020;7112;3357;334;3421;334;Cartagena de Indias
610;26/06/2020;7351;3342;341;3668;239;Cartagena de Indias
611;27/06/2020;7664;3504;352;3808;313;Cartagena de Indias
612;28/06/2020;7879;3531;360;3988;215;Cartagena de Indias
613;29/06/2020;8004;3456;367;4181;125;Cartagena de Indias
614;30/06/2020;8169;3441;374;4354;165;Cartagena de Indias
615;1/07/2020;8387;3519;377;4491;218;Cartagena de Indias
616;2/07/2020;8607;3588;379;4640;220;Cartagena de Indias
617;3/07/2020;8818;3663;388;4767;211;Cartagena de Indias
618;4/07/2020;9065;3694;392;4979;247;Cartagena de Indias
619;5/07/2020;9394;3877;400;5117;329;Cartagena de Indias
620;6/07/2020;9594;3772;403;5419;200;Cartagena de Indias
621;7/07/2020;9797;3763;405;5629;203;Cartagena de Indias
622;8/07/2020;10052;3862;413;5777;255;Cartagena de Indias
623;9/07/2020;10247;3814;417;6016;195;Cartagena de Indias
624;10/07/2020;10480;3806;420;6254;233;Cartagena de Indias
625;11/07/2020;10621;3740;424;6457;141;Cartagena de Indias
626;12/07/2020;10872;3799;430;6643;251;Cartagena de Indias
627;13/07/2020;10995;3711;435;6849;123;Cartagena de Indias
628;14/07/2020;11209;3762;437;7010;214;Cartagena de Indias
629;15/07/2020;11419;3703;440;7276;210;Cartagena de Indias
630;16/07/2020;12101;4085;443;7573;682;Cartagena de Indias
631;17/07/2020;12541;4168;448;7925;440;Cartagena de Indias
632;18/07/2020;13055;4282;451;8322;514;Cartagena de Indias
633;19/07/2020;13238;4086;457;8695;183;Cartagena de Indias
634;20/07/2020;13452;4089;464;8899;214;Cartagena de Indias
635;21/07/2020;13702;4191;467;9044;250;Cartagena de Indias
636;22/07/2020;13863;4208;469;9186;161;Cartagena de Indias
637;23/07/2020;14015;4003;475;9537;152;Cartagena de Indias
638;24/07/2020;14129;3969;480;9680;114;Cartagena de Indias
639;25/07/2020;14259;3691;482;10086;130;Cartagena de Indias
640;26/07/2020;14596;3751;485;10360;337;Cartagena de Indias
641;27/07/2020;14705;3500;486;10719;109;Cartagena de Indias
642;28/07/2020;15026;3602;490;10934;321;Cartagena de Indias
643;29/07/2020;15209;3400;493;11316;183;Cartagena de Indias
644;30/07/2020;15419;3257;494;11668;210;Cartagena de Indias
645;31/07/2020;15617;3217;497;11903;198;Cartagena de Indias
646;1/08/2020;15937;3204;499;12234;320;Cartagena de Indias
647;2/08/2020;16172;3254;505;12413;235;Cartagena de Indias
648;3/08/2020;16358;3226;509;12623;186;Cartagena de Indias
649;4/08/2020;16428;3032;512;12884;70;Cartagena de Indias
650;5/08/2020;16639;3033;515;13091;211;Cartagena de Indias
651;6/08/2020;16705;2827;518;13360;66;Cartagena de Indias
652;7/08/2020;16914;2856;518;13540;209;Cartagena de Indias
653;8/08/2020;17047;2749;519;13779;133;Cartagena de Indias
654;9/08/2020;17211;2670;523;14018;164;Cartagena de Indias
655;10/08/2020;17336;2595;524;14217;125;Cartagena de Indias
656;11/08/2020;17511;2638;525;14348;175;Cartagena de Indias
657;12/08/2020;17640;2567;525;14548;129;Cartagena de Indias
658;13/08/2020;17731;2524;528;14679;91;Cartagena de Indias
659;14/08/2020;17845;2396;528;14921;114;Cartagena de Indias
660;15/08/2020;18047;2299;528;15220;202;Cartagena de Indias
661;16/08/2020;18174;2239;529;15406;127;Cartagena de Indias
662;17/08/2020;18233;2103;529;15601;59;Cartagena de Indias
663;18/08/2020;18440;2166;531;15743;207;Cartagena de Indias
664;19/08/2020;18562;2042;535;15985;122;Cartagena de Indias
665;20/08/2020;18627;1796;536;16295;65;Cartagena de Indias
666;21/08/2020;18703;1727;540;16436;76;Cartagena de Indias
667;22/08/2020;19215;2082;542;16591;512;Cartagena de Indias
668;23/08/2020;19268;1666;543;17059;53;Cartagena de Indias
669;24/08/2020;19411;1619;543;17249;143;Cartagena de Indias
670;25/08/2020;19691;1690;544;17457;280;Cartagena de Indias
671;26/08/2020;19835;1603;545;17687;144;Cartagena de Indias
672;27/08/2020;20087;1547;545;17995;252;Cartagena de Indias
673;28/08/2020;20146;1509;546;18091;59;Cartagena de Indias
674;29/08/2020;20270;1557;546;18167;124;Cartagena de Indias
675;30/08/2020;20360;1519;547;18294;90;Cartagena de Indias
676;31/08/2020;20442;1435;549;18458;82;Cartagena de Indias
677;1/09/2020;20582;1496;551;18535;140;Cartagena de Indias
678;2/09/2020;20630;1480;552;18598;48;Cartagena de Indias
679;3/09/2020;20697;1345;553;18799;67;Cartagena de Indias
680;4/09/2020;20758;1251;553;18954;61;Cartagena de Indias
681;9/03/2020;1;1;0;0;1;Medellín
682;11/03/2020;3;3;0;0;2;Medellín
683;14/03/2020;5;5;0;0;2;Medellín
684;15/03/2020;6;5;0;1;1;Medellín
685;19/03/2020;9;8;0;1;3;Medellín
686;20/03/2020;16;15;0;1;7;Medellín
687;21/03/2020;17;16;0;1;1;Medellín
688;22/03/2020;19;18;0;1;2;Medellín
689;23/03/2020;32;29;0;3;13;Medellín
690;25/03/2020;38;33;0;5;6;Medellín
691;28/03/2020;42;34;0;8;4;Medellín
692;29/03/2020;50;35;0;15;8;Medellín
693;30/03/2020;58;37;0;21;8;Medellín
694;31/03/2020;62;36;0;26;4;Medellín
695;1/04/2020;63;32;0;31;1;Medellín
696;2/04/2020;73;40;0;33;10;Medellín
697;3/04/2020;84;46;1;37;11;Medellín
698;4/04/2020;86;44;1;41;2;Medellín
699;5/04/2020;95;49;1;45;9;Medellín
700;6/04/2020;100;52;1;47;5;Medellín
701;7/04/2020;113;60;1;52;13;Medellín
702;8/04/2020;140;86;1;53;27;Medellín
703;9/04/2020;142;84;1;57;2;Medellín
704;10/04/2020;147;86;1;60;5;Medellín
705;11/04/2020;150;87;1;62;3;Medellín
706;12/04/2020;157;94;1;62;7;Medellín
707;13/04/2020;167;100;1;66;10;Medellín
708;14/04/2020;180;112;1;67;13;Medellín
709;15/04/2020;190;121;1;68;10;Medellín
710;16/04/2020;194;125;1;68;4;Medellín
711;17/04/2020;200;128;1;71;6;Medellín
712;18/04/2020;208;132;2;74;8;Medellín
713;19/04/2020;219;132;2;85;11;Medellín
714;20/04/2020;225;132;2;91;6;Medellín
715;21/04/2020;228;128;2;98;3;Medellín
716;22/04/2020;234;132;2;100;6;Medellín
717;23/04/2020;249;138;2;109;15;Medellín
718;24/04/2020;254;138;2;114;5;Medellín
719;25/04/2020;255;136;2;117;1;Medellín
720;26/04/2020;258;133;2;123;3;Medellín
721;27/04/2020;266;136;3;127;8;Medellín
722;28/04/2020;269;133;3;133;3;Medellín
723;29/04/2020;273;133;3;137;4;Medellín
724;30/04/2020;277;135;3;139;4;Medellín
725;1/05/2020;278;134;3;141;1;Medellín
726;3/05/2020;284;137;3;144;6;Medellín
727;4/05/2020;287;138;3;146;3;Medellín
728;5/05/2020;290;130;3;157;3;Medellín
729;6/05/2020;293;129;3;161;3;Medellín
730;7/05/2020;296;126;3;167;3;Medellín
731;8/05/2020;299;118;3;178;3;Medellín
732;9/05/2020;300;107;3;190;1;Medellín
733;10/05/2020;302;106;3;193;2;Medellín
734;11/05/2020;307;94;3;210;5;Medellín
735;12/05/2020;311;96;3;212;4;Medellín
736;13/05/2020;318;96;3;219;7;Medellín
737;14/05/2020;328;105;3;220;10;Medellín
738;15/05/2020;335;107;3;225;7;Medellín
739;16/05/2020;341;111;3;227;6;Medellín
740;17/05/2020;349;114;3;232;8;Medellín
741;18/05/2020;355;116;3;236;6;Medellín
742;19/05/2020;368;129;3;236;13;Medellín
743;20/05/2020;372;130;3;239;4;Medellín
744;21/05/2020;385;141;3;241;13;Medellín
745;22/05/2020;393;146;3;244;8;Medellín
746;23/05/2020;427;176;3;248;34;Medellín
747;24/05/2020;440;174;3;263;13;Medellín
748;25/05/2020;446;170;3;273;6;Medellín
749;26/05/2020;469;182;3;284;23;Medellín
750;27/05/2020;483;195;3;285;14;Medellín
751;28/05/2020;504;209;3;292;21;Medellín
752;29/05/2020;515;217;3;295;11;Medellín
753;30/05/2020;531;231;3;297;16;Medellín
754;31/05/2020;548;227;3;318;17;Medellín
755;1/06/2020;553;230;3;320;5;Medellín
756;2/06/2020;577;239;3;335;24;Medellín
757;3/06/2020;593;244;3;346;16;Medellín
758;4/06/2020;606;248;3;355;13;Medellín
759;5/06/2020;619;243;4;372;13;Medellín
760;6/06/2020;632;244;4;384;13;Medellín
761;7/06/2020;648;245;4;399;16;Medellín
762;8/06/2020;676;266;4;406;28;Medellín
763;9/06/2020;710;290;4;416;34;Medellín
764;10/06/2020;739;300;4;435;29;Medellín
765;11/06/2020;757;307;4;446;18;Medellín
766;12/06/2020;786;316;4;466;29;Medellín
767;13/06/2020;819;337;4;478;33;Medellín
768;14/06/2020;851;362;5;484;32;Medellín
769;15/06/2020;902;408;6;488;51;Medellín
770;16/06/2020;937;439;6;492;35;Medellín
771;17/06/2020;975;460;7;508;38;Medellín
772;18/06/2020;1037;496;7;534;62;Medellín
773;19/06/2020;1129;562;7;560;92;Medellín
774;20/06/2020;1174;579;8;587;45;Medellín
775;21/06/2020;1238;623;10;605;64;Medellín
776;22/06/2020;1278;627;11;640;40;Medellín
777;23/06/2020;1331;651;11;669;53;Medellín
778;24/06/2020;1414;705;16;693;83;Medellín
779;25/06/2020;1509;780;17;712;95;Medellín
780;26/06/2020;1628;870;17;741;119;Medellín
781;27/06/2020;1760;987;17;756;132;Medellín
782;28/06/2020;1888;1083;17;788;128;Medellín
783;29/06/2020;1962;1105;18;839;74;Medellín
784;30/06/2020;2085;1173;20;892;123;Medellín
785;1/07/2020;2202;1246;24;932;117;Medellín
786;2/07/2020;2382;1381;29;972;180;Medellín
787;3/07/2020;2527;1489;33;1005;145;Medellín
788;4/07/2020;2758;1695;36;1027;231;Medellín
789;5/07/2020;2924;1835;37;1052;166;Medellín
790;6/07/2020;3152;2010;43;1099;228;Medellín
791;7/07/2020;3392;2204;44;1144;240;Medellín
792;8/07/2020;3625;2393;45;1187;233;Medellín
793;9/07/2020;3925;2630;55;1240;300;Medellín
794;10/07/2020;4332;2981;61;1290;407;Medellín
795;11/07/2020;4492;3063;72;1357;160;Medellín
796;12/07/2020;4798;3323;84;1391;306;Medellín
797;13/07/2020;5026;3490;100;1436;228;Medellín
798;14/07/2020;5572;3979;111;1482;546;Medellín
799;15/07/2020;6044;4385;118;1541;472;Medellín
800;16/07/2020;6497;4730;129;1638;453;Medellín
801;17/07/2020;7096;5235;141;1720;599;Medellín
802;18/07/2020;7983;6018;150;1815;887;Medellín
803;19/07/2020;8444;6168;167;2109;461;Medellín
804;20/07/2020;9135;6736;177;2222;691;Medellín
805;21/07/2020;10136;7536;198;2402;1001;Medellín
806;22/07/2020;10763;8038;215;2510;627;Medellín
807;23/07/2020;11228;8273;231;2724;465;Medellín
808;24/07/2020;12018;8764;245;3009;790;Medellín
809;25/07/2020;12781;9288;256;3237;763;Medellín
810;26/07/2020;13373;9638;277;3458;592;Medellín
811;27/07/2020;14605;10572;288;3745;1232;Medellín
812;28/07/2020;15279;10848;317;4114;674;Medellín
813;29/07/2020;16222;11340;340;4542;943;Medellín
814;30/07/2020;17072;11849;359;4864;850;Medellín
815;31/07/2020;18178;12463;378;5337;1106;Medellín
816;1/08/2020;19758;13533;404;5821;1580;Medellín
817;2/08/2020;20985;14268;424;6293;1227;Medellín
818;3/08/2020;22639;15121;443;7075;1654;Medellín
819;4/08/2020;23293;15111;463;7719;654;Medellín
820;5/08/2020;24114;15122;478;8514;821;Medellín
821;6/08/2020;24909;15155;505;9249;795;Medellín
822;7/08/2020;26125;15504;526;10095;1216;Medellín
823;8/08/2020;27029;15648;552;10829;904;Medellín
824;9/08/2020;28035;15223;582;12230;1006;Medellín
825;10/08/2020;29662;15911;600;13151;1627;Medellín
826;11/08/2020;30764;16414;617;13733;1102;Medellín
827;12/08/2020;31722;16668;639;14415;958;Medellín
828;13/08/2020;32595;16448;657;15490;873;Medellín
829;14/08/2020;33627;16430;679;16518;1032;Medellín
830;15/08/2020;34639;15862;716;18061;1012;Medellín
831;16/08/2020;35512;15261;736;19515;873;Medellín
832;17/08/2020;36132;14284;755;21093;620;Medellín
833;18/08/2020;37041;14077;776;22188;909;Medellín
834;19/08/2020;38015;13302;797;23916;974;Medellín
835;20/08/2020;38442;12197;817;25428;427;Medellín
836;21/08/2020;39122;11802;842;26478;680;Medellín
837;22/08/2020;40044;11865;855;27324;922;Medellín
838;23/08/2020;40845;11660;878;28307;801;Medellín
839;24/08/2020;41375;11312;896;29167;530;Medellín
840;25/08/2020;41990;10822;924;30244;615;Medellín
841;26/08/2020;43343;11232;937;31174;1353;Medellín
842;27/08/2020;44064;11145;962;31957;721;Medellín
843;28/08/2020;45079;11444;985;32650;1015;Medellín
844;29/08/2020;45836;11278;1003;33555;757;Medellín
845;30/08/2020;46405;10901;1021;34483;569;Medellín
846;31/08/2020;47328;10983;1040;35305;923;Medellín
847;1/09/2020;47961;10392;1053;36516;633;Medellín
848;2/09/2020;48693;10213;1065;37415;732;Medellín
849;3/09/2020;48975;9892;1072;38011;282;Medellín
850;4/09/2020;49932;9349;1076;39507;957;Medellín
851;5/09/2020;34208;3832;1664;28712;169;Barranquilla
852;6/09/2020;34303;3511;1668;29124;95;Barranquilla
853;7/09/2020;34512;3472;1669;29371;209;Barranquilla
854;8/09/2020;34859;3560;1671;29628;347;Barranquilla
855;9/09/2020;35022;3106;1678;30238;163;Barranquilla
856;10/09/2020;35122;2937;1680;30505;100;Barranquilla
857;11/09/2020;35162;2790;1680;30692;40;Barranquilla
858;12/09/2020;35326;2741;1682;30903;164;Barranquilla
859;13/09/2020;35479;2633;1686;31160;153;Barranquilla
860;14/09/2020;35605;2469;1688;31448;126;Barranquilla
861;15/09/2020;35691;2352;1689;31650;86;Barranquilla
862;16/09/2020;35817;2229;1692;31896;126;Barranquilla
863;17/09/2020;35888;1916;1697;32275;71;Barranquilla
864;18/09/2020;35952;1813;1701;32438;64;Barranquilla
865;19/09/2020;36036;1621;1705;32710;84;Barranquilla
866;20/09/2020;36098;1581;1706;32811;62;Barranquilla
867;21/09/2020;36186;1528;1713;32945;88;Barranquilla
868;22/09/2020;36243;1449;1717;33077;57;Barranquilla
869;23/09/2020;36443;1460;1717;33266;200;Barranquilla
870;24/09/2020;36520;1404;1717;33399;77;Barranquilla
871;5/09/2020;163338;66826;4821;91691;4627;Bogotá D.C.
872;6/09/2020;166717;65235;4896;96586;3379;Bogotá D.C.
873;7/09/2020;171369;65247;4996;101126;4652;Bogotá D.C.
874;8/09/2020;176384;65387;5085;105912;5015;Bogotá D.C.
875;9/09/2020;179598;65604;5164;108830;3214;Bogotá D.C.
876;10/09/2020;181833;65189;5244;111400;2235;Bogotá D.C.
877;11/09/2020;186100;66086;5324;114690;4267;Bogotá D.C.
878;12/09/2020;188274;61437;5385;121452;2174;Bogotá D.C.
879;13/09/2020;192700;62234;5456;125010;4426;Bogotá D.C.
880;14/09/2020;195186;61124;5547;128515;2486;Bogotá D.C.
881;15/09/2020;199363;61373;5617;132373;4177;Bogotá D.C.
882;16/09/2020;201879;60332;5701;135846;2516;Bogotá D.C.
883;17/09/2020;204061;57033;5756;141272;2182;Bogotá D.C.
884;18/09/2020;207399;56087;5829;145483;3338;Bogotá D.C.
885;19/09/2020;209245;54687;5885;148673;1846;Bogotá D.C.
886;20/09/2020;211294;54158;5944;151192;2049;Bogotá D.C.
887;21/09/2020;213625;52012;5990;155623;2331;Bogotá D.C.
888;22/09/2020;216648;51540;6044;159064;3023;Bogotá D.C.
889;23/09/2020;219579;52527;6082;160970;2931;Bogotá D.C.
890;24/09/2020;221738;53877;6092;161769;2159;Bogotá D.C.
891;5/09/2020;29559;8845;1147;19567;442;Cali
892;6/09/2020;29893;8178;1166;20549;334;Cali
893;7/09/2020;30714;8567;1178;20969;821;Cali
894;8/09/2020;31545;8667;1193;21685;831;Cali
895;9/09/2020;32539;9059;1205;22275;994;Cali
896;10/09/2020;33037;9036;1222;22779;498;Cali
897;11/09/2020;33564;8853;1237;23474;527;Cali
898;12/09/2020;33837;8620;1253;23964;273;Cali
899;13/09/2020;34315;8409;1268;24638;478;Cali
900;14/09/2020;34902;8371;1281;25250;587;Cali
901;15/09/2020;35130;7965;1292;25873;228;Cali
902;16/09/2020;35526;7651;1308;26567;396;Cali
903;17/09/2020;35894;7488;1328;27078;368;Cali
904;18/09/2020;36220;7116;1342;27762;326;Cali
905;19/09/2020;36554;6801;1363;28390;334;Cali
906;20/09/2020;36863;6619;1383;28861;309;Cali
907;21/09/2020;37427;6563;1399;29465;564;Cali
908;22/09/2020;37809;6257;1408;30144;382;Cali
909;23/09/2020;38070;6011;1418;30641;261;Cali
910;24/09/2020;38466;6109;1420;30937;396;Cali
911;5/09/2020;18174;2239;529;15406;127;Cartagena de Indias
912;6/09/2020;18233;2103;529;15601;59;Cartagena de Indias
913;7/09/2020;18440;2166;531;15743;207;Cartagena de Indias
914;8/09/2020;18562;2042;535;15985;122;Cartagena de Indias
915;9/09/2020;18627;1796;536;16295;65;Cartagena de Indias
916;10/09/2020;18703;1727;540;16436;76;Cartagena de Indias
917;11/09/2020;19215;2082;542;16591;512;Cartagena de Indias
918;12/09/2020;19268;1666;543;17059;53;Cartagena de Indias
919;13/09/2020;19411;1619;543;17249;143;Cartagena de Indias
920;14/09/2020;19691;1690;544;17457;280;Cartagena de Indias
921;15/09/2020;19835;1603;545;17687;144;Cartagena de Indias
922;16/09/2020;20087;1547;545;17995;252;Cartagena de Indias
923;17/09/2020;20146;1509;546;18091;59;Cartagena de Indias
924;18/09/2020;20270;1557;546;18167;124;Cartagena de Indias
925;19/09/2020;20360;1519;547;18294;90;Cartagena de Indias
926;20/09/2020;20442;1435;549;18458;82;Cartagena de Indias
927;21/09/2020;20582;1496;551;18535;140;Cartagena de Indias
928;22/09/2020;20630;1480;552;18598;48;Cartagena de Indias
929;23/09/2020;20697;1345;553;18799;67;Cartagena de Indias
930;24/09/2020;20758;1251;553;18954;61;Cartagena de Indias
931;5/09/2020;35512;15261;736;19515;873;Medellín
932;6/09/2020;36132;14284;755;21093;620;Medellín
933;7/09/2020;37041;14077;776;22188;909;Medellín
934;8/09/2020;38015;13302;797;23916;974;Medellín
935;9/09/2020;38442;12197;817;25428;427;Medellín
936;10/09/2020;39122;11802;842;26478;680;Medellín
937;11/09/2020;40044;11865;855;27324;922;Medellín
938;12/09/2020;40845;11660;878;28307;801;Medellín
939;13/09/2020;41375;11312;896;29167;530;Medellín
940;14/09/2020;41990;10822;924;30244;615;Medellín
941;15/09/2020;43343;11232;937;31174;1353;Medellín
942;16/09/2020;44064;11145;962;31957;721;Medellín
943;17/09/2020;45079;11444;985;32650;1015;Medellín
944;18/09/2020;45836;11278;1003;33555;757;Medellín
945;19/09/2020;46405;10901;1021;34483;569;Medellín
946;20/09/2020;47328;10983;1040;35305;923;Medellín
947;21/09/2020;47961;10392;1053;36516;633;Medellín
948;22/09/2020;48693;10213;1065;37415;732;Medellín
949;23/09/2020;48975;9892;1072;38011;282;Medellín
950;24/09/2020;49932;9349;1076;39507;957;Medellín
